15
7
1
2
7
15
8
2
8
3
5
3
3
13
12
7
6
2
11
8
5
6
8
13
11
4
10
2
8
9
10
4
7
14
15
15
6
10
1
10
12
7
10
15
12
9
9
3
8
13
9
1
9
3
13
5
14
1
11
7
15
13
2
6
9
7
1
3
3
10
10
15
2
9
10
5
3
15
12
1
6
6
7
6
9
15
3
1
12
1
7
1
7
2
2
12
9
6
6
2
3
15
12
11
3
11
15
1
5
11
15
6
15
4
10
11
5
14
7
1
4
7
14
12
12
4
8
7
11
6
8
7
6
13
13
15
14
1
13
4
4
3
5
14
3
3
7
12
3
11
2
6
9
3
5
11
4
11
3
7
7
2
15
10
8
12
2
12
10
7
2
14
8
2
3
15
9
14
8
5
15
1
13
15
10
14
10
8
3
9
1
1
9
13
5
7
14
9
7
8
4
9
9
13
14
1
4
4
1
4
15
12
8
4
9
10
15
8
12
12
6
15
5
5
7
15
4
7
9
13
2
15
12
9
3
2
6
9
2
13
1
4
4
10
14
6
14
5
13
7
13
5
12
15
6
10
15
3
9
2
13
2
10
15
7
4
7
6
8
15
9
8
10
4
7
6
9
10
11
7
14
10
5
4
4
4
7
9
4
12
6
1
10
6
13
1
14
11
3
8
11
15
15
2
11
7
1
13
2
10
6
12
8
15
9
10
10
1
7
10
13
5
11
9
4
14
9
8
15
14
12
3
4
8
11
14
3
11
15
6
12
2
11
15
2
6
14
1
12
1
8
10
7
15
6
11
12
10
13
2
13
3
1
5
3
14
1
9
4
14

